Big Dawg,Wood,1,0,0,174,20,30,10,50,1.3,234.9,249.0,31.00,12,0,0
Big Dawg,Wood,2,1600,4,174,20,42,10,66,1.5,234.9,254.6,34.98,12,4,1600
Big Dawg,Wood,3,2700,10,177,25,42,26,66,1.5,239.0,259.0,42.13,12,14,4300
Big Dawg,Wood,4,4300,20,177,25,48,26,77,2.1,239.0,261.9,47.36,12,34,8600
Big Dawg,Wood,5,6400,50,177,25,67,38,77,2.3,239.0,271.0,52.23,12,84,15000
Big Dawg,Wood,6,9200,100,180,25,67,44,95,2.3,243,275.6,58.68,12,184,24200
Big Dawg,Wood,7,13000,200,180,44,80,44,100,2.3,243,281.9,64.28,12,384,37200
Big Dawg,Wood,8,17000,400,180,56,80,50,100,2.9,243,281.9,71.11,12,784,54200
Big Dawg,Wood,9,75000,1000,180,60,85,60,100,3.2,243,284.3,75.68,12,1784,129200
