Down-in-One,Wedge,1,0,0,41,80,0,0,45,1,0,0,37.40,37,0,0
Down-in-One,Wedge,2,4300,4,43,80,15,0,54,1,0,0,40.50,37,4,4300
Down-in-One,Wedge,3,6400,10,44,89,15,15,54,1,0,0,44.87,37,14,10700
Down-in-One,Wedge,4,9200,20,44,89,39,15,64,1.3,0,0,51.49,37,34,19900
Down-in-One,Wedge,5,13000,50,44,100,55,20,64,1.3,0,0,58.46,37,84,32900
Down-in-One,Wedge,6,17000,100,44,100,63,36,84,1.3,0,0,59.58,37,184,49900
Down-in-One,Wedge,7,22000,200,44,100,89,47,84,1.5,0,0,65.39,37,384,71900
Down-in-One,Wedge,8,28000,400,44,100,100,64,94,1.5,0,0,66.93,37,784,99900
Down-in-One,Wedge,9,125000,1000,45,100,100,100,100,1.5,0,0,67.43,37,1784,224900
