Extra Mile,Driver,1,0,0,220,0,20,0,15,1.3,297,308.9,39.00,3,0,0
Extra Mile,Driver,2,340,4,220,7,30,0,15,2,297,314.8,42.26,3,4,340
Extra Mile,Driver,3,800,10,224,7,30,28,15,2.3,302.4,320.5,48.76,3,14,1140
Extra Mile,Driver,4,1600,20,226,7,45,28,25,2.3,305.1,332.6,54.03,3,34,2740
Extra Mile,Driver,5,2700,50,226,29,50,28,25,2.8,305.1,335.6,57.73,3,84,5440
Extra Mile,Driver,6,4300,100,234,29,50,48,30,2.8,315.9,347.5,68.36,3,184,9740
Extra Mile,Driver,7,6400,200,234,45,50,48,47,3,315.9,347.5,71.46,3,384,16140
Extra Mile,Driver,8,9200,400,236,45,67,48,47,3.6,318.6,361.3,77.24,3,784,25340
Extra Mile,Driver,9,50000,1000,237,45,85,50,50,3.6,320.0,374.3,81.41,3,1784,75340
