Goliath,LongIron,1,0,0,130,0,66,30,37,2.3,0,0,32.43,20,0,0
Goliath,LongIron,2,1600,4,132,0,84,30,42,2.3,0,0,34.18,20,4,1600
Goliath,LongIron,3,2700,10,132,16,90,30,42,2.7,0,0,42.23,20,14,4300
Goliath,LongIron,4,4300,20,132,28,90,30,59,2.9,0,0,47.91,20,34,8600
Goliath,LongIron,5,6400,50,135,28,90,47,65,2.9,0,0,53.86,20,84,15000
Goliath,LongIron,6,9200,100,135,34,100,47,65,3.5,0,0,62.33,20,184,24200
Goliath,LongIron,7,13000,200,135,52,100,60,71,3.5,0,0,68.83,20,384,37200
Goliath,LongIron,8,17000,400,135,52,100,66,90,3.9,0,0,75.83,20,784,54200
Goliath,LongIron,9,75000,1000,135,55,100,70,100,3.9,0,0,77.73,20,1784,129200
