Malibu,SandWedge,1,0,0,84,60,0,0,10,2.9,0,0,44.57,52,0,0
Malibu,SandWedge,2,1600,4,84,81,11,0,10,3.1,0,0,51.17,52,4,1600
Malibu,SandWedge,3,2700,10,94,81,11,12,18,3.1,0,0,57.01,52,14,4300
Malibu,SandWedge,4,4300,20,94,88,11,12,41,3.5,0,0,61.26,52,34,8600
Malibu,SandWedge,5,6400,50,101,88,28,18,41,3.5,0,0,67.10,52,84,15000
Malibu,SandWedge,6,9200,100,101,96,28,31,41,4,0,0,72.06,52,184,24200
Malibu,SandWedge,7,13000,200,109,96,28,52,50,4,0,0,77.38,52,384,37200
Malibu,SandWedge,8,17000,400,109,100,28,52,76,4.5,0,0,81.66,52,784,54200
Malibu,SandWedge,9,75000,1000,109,100,30,60,80,4.5,0,0,82.42,52,1784,129200
