Nirvana,RoughIron,1,0,0,112,60,20,20,40,2.9,0,0,55.62,48,0,0
Nirvana,RoughIron,2,55000,4,112,60,36,20,40,3.3,0,0,59.77,48,4,55000
Nirvana,RoughIron,3,70000,10,112,74,36,38,40,3.5,0,0,65.51,48,14,125000
Nirvana,RoughIron,4,87500,20,123,74,42,38,55,3.5,0,0,71.40,48,34,212500
Nirvana,RoughIron,5,107500,50,123,97,42,44,55,3.9,0,0,80.58,48,84,320000
Nirvana,RoughIron,6,130000,100,129,97,59,44,62,3.9,0,0,85.13,48,184,450000
Nirvana,RoughIron,7,155000,200,129,100,59,58,62,4.5,0,0,90.22,48,384,605000
Nirvana,RoughIron,8,182500,400,135,100,59,65,87,4.5,0,0,93.82,48,784,787500
Nirvana,RoughIron,9,500000,1000,135,100,60,70,98,4.5,0,0,94.40,48,1784,1287500
