Roughcutter,RoughIron,1,0,0,75,70,0,0,15,1.3,0,0,28.57,42,0,0
Roughcutter,RoughIron,2,100,4,78,70,11,0,15,1.9,0,0,34.82,42,4,100
Roughcutter,RoughIron,3,340,10,78,84,11,0,36,2,0,0,40.01,42,14,440
Roughcutter,RoughIron,4,800,20,88,84,16,0,36,2.4,0,0,47.46,42,34,1240
Roughcutter,RoughIron,5,1600,50,88,100,16,6,51,2.4,0,0,52.57,42,84,2840
Roughcutter,RoughIron,6,2700,100,92,100,34,6,51,2.8,0,0,58.69,42,184,5540
Roughcutter,RoughIron,7,4300,200,92,100,34,20,59,3.4,0,0,63.18,42,384,9840
Roughcutter,RoughIron,8,6400,400,103,100,47,20,59,3.6,0,0,70.60,42,784,16240
Roughcutter,RoughIron,9,25000,1000,112,100,65,30,70,3.6,0,0,76.99,42,1784,41240
